# addition
num1 <- 5
num2 <- 10

num1 + num2