numbers1 <- 0.5:3.5
numbers1

numbers2 <- 1.5:3.2
numbers2

